00000000000000000011000000000000000000100000000000
00000000000000000110000000000000000000000000000000
00000000000000000001000000000000000000000000000000
00000000000000000000000000000000000000110000000000
00000000000000000000000000000000000001101000000000
00000000000000000000000000000000000010000000000000
00000000000000000000000000000000000100000000000000
00000000000000000000000000000000000011010100000000
00000000000000000000000000000000000000001000000000
00000000000000000000000000000000000000000000000000
00000000000000000000000000000000000000000000000000
00000000000000000000000000000000000000000000000000
00000000000100000000000000000000000000000000000000
00000000001010000000000000000000000000000000000000
00000000001010000000000000000000000000000000000000
00000000000100000000000000000000000000000000000000
00000000000000000000000000000000000001110000000000
00000000000000000000000000000000000010001000000000
00000000000000000000000000000000000000001000000000
00000000000000000000000000000000000011011000000000
